Loyde
16
3.69 1.192093E-07 3.417
270.0685 2.538012 0
1 1 1
3.471 1.192093E-07 3.3
271.7108 55.83934 216.7224
1.000001 1 1
3.546 1.192093E-07 3.436
271.2101 65.59841 251.1625
1 1 1
6.310024 -1.192093E-07 1.582992
270.0713 175.1214 0
1.000001 1 1
6.529 -1.192093E-07 1.700027
271.711 235.8309 207.1581
1.000001 1 1.000001
6.454233 -1.192093E-07 1.563947
271.2098 245.5929 266.0944
1 1 1
2.995872 -1.192093E-07 1.552231
272.1571 54.39986 154.7508
1 1 1
3.244 -1.192093E-07 1.559
271.0602 359.4771 119.6054
1.000001 1 1
3.116195 -1.192093E-07 1.470879
271.4149 19.6608 143.6224
1 1 1
7.007672 1.192093E-07 3.450545
272.1571 234.4604 154.7517
1 1 1
6.755633 1.192093E-07 3.443231
271.0605 179.2356 119.602
1 1 1
6.883741 1.192093E-07 3.529606
271.415 19.66069 5.626948
1 1 1
8.4 2.980232E-08 2.8
271.4149 228.7801 5.625433
1 1 1
8.399849 -2.980232E-08 2.198292
271.4149 323.2973 5.627423
1 1 1
1.598332 2.980232E-08 2.800065
271.415 137.5014 5.627604
1 1 1
1.598281 -2.980232E-08 2.198628
271.4153 60.58618 5.628433
1 1 1
<end>
WebCam
6
8.5 0.146 2.5
0 270 0
1 1 1
8.518091 0.1328106 2.5
270 270 0
1 1 1
8.522578 0.1328106 2.5
270 270 0
1 1 1
1.5 0.146 2.5
0 90 0
1 1 1
1.481909 0.1328106 2.5
270 90 0
1 1 1
1.477422 0.1328106 2.5
270 90 0
1 1 1
<end>
Golem
1
5 0.1100001 2.5
270 180 0
1 1 1
<end>
