Book
44
1.17 0.057 0.836
0 -0.4840626 0
1 3 1
4.43419 0.03210482 0.3110001
0 0.7071068 0
1 1 1.076279
0.3109999 0.029 1.149
-0.04070934 0.4393903 0.01268153
1 1 1
1.32233 0.03010751 0.698
6.93842E-05 0.8060037 -0.0001244555
1.35287 0.9999999 1.463404
2.016909 0.08281332 0.499037
0.01645848 0.7614762 -0.04084885
1.19469 1.249054 1.49603
2.829177 0.03706521 0.4239769
-0.006218116 0.7420834 -0.01585863
0.9456477 1.24905 1.282982
3.759302 0.057 0.5368826
0 -0.999884 0
1 2.133031 1
4.21 0.057 0.523
0 -0.9999998 0
1 2.13303 1
0.06736946 0.03207666 1.53906
0.000110357 0.5078259 0.0002928085
1 1 1
0.2069998 0 3.159021
-0.700932 0.09324376 0.09324376
1 1 1
0.2290001 0 3.239
-0.700932 0.09324376 0.09324376
1 2 1
0.2934961 0.02201739 3.526986
-0.8247 0.07246815 0.1101688
1 2.135963 1.067983
0.3940001 0.06042956 3.697
0.005263826 0.5128051 -0.01300721
0.9999999 2.13596 1.06798
0.4590001 0.156 3.689
0.006411043 0.4336186 -0.01248174
1 2.3158 1.06798
0.8858781 0.2732885 4.014558
0.1671257 0.5345237 -0.1188615
1 2.315799 1.067981
1.2 0.2063001 4.187552
0.1281516 0.6080847 -0.1109489
0.9999999 1.3 1.06798
1.786 0.555 4.349
0.5571482 0.4354146 -0.4354146
1 2.315799 1.06798
1.889 0.555 4.409
0.5571482 0.4354146 -0.4354146
1 2.3158 1.06798
2.003 0.555 4.447
0.5571482 0.4354146 -0.4354146
1 2.3158 1.06798
2.092 0.059 4.485
0.007247026 0.6576989 -0.005328423
0.9999999 2.315799 1.067979
5.011272 0.03210482 0.3069999
0 0.7071068 0
1.024742 1 1.075945
5.79 0.057 0.525
-0.9998752 0.002194069 -0.01564559
1 2.13303 0.9999999
5.975581 0.1321681 0.3180001
0.04769966 0.679527 -0.06036172
0.9456519 1.249049 1.282983
6.852579 0.05698319 0.5834786
0.001170527 -0.9985359 -5.083074E-05
1 2.133029 1
8.754 0.057 0.803
0 0.4527687 0
1 3 1
9.48 0.03611887 1.787
0.003663175 0.8567877 -0.006812535
1 0.9999999 1
9.178003 0.03008249 1.152601
-0.04290761 0.4257678 0.00638878
1 1 1
7.127 0.029 0.329
-0.001152069 0.6505806 0.00128512
1.352871 1 1.463402
8.723 -0.009 0.7539999
-0.02724366 -0.8239482 -0.07352033
1 3 1.097252
9.793 0 3.159021
-0.113224 0.7020834 0.6939802
1.000001 1 1
9.769 0 3.245
-0.108876 0.7056769 0.6909802
1.000001 2 1
9.673 0.007 3.526
-0.06895523 0.8201554 0.5503725
1 2.135961 1.067981
9.076 0.054 3.945
-0.009456043 0.846224 -0.009149581
1 2.13596 1.06798
9.547944 0.1534636 3.695227
-0.01334285 0.4550895 0.004331021
1 2.315799 1.067981
9.114122 0.2732885 4.014558
0.1785456 -0.5156128 0.1008986
1 2.315801 1.06798
8.796767 0.2027902 4.177391
0.1684465 -0.5700829 0.06742499
1 1.3 1.06798
5.55 0.075 4.749
0.0008125443 -0.7011907 0.0008440902
1 3.350849 1
6.467 0.508 4.711
0.4238872 0.5659679 -0.5659679
0.9100007 2.107379 0.9718625
6.588 0.472 4.687
0.4238872 0.5659679 -0.5659679
0.9197255 2.315802 0.9071521
6.71 0.55 4.68
0.4238872 0.5659679 -0.5659679
1 2.315802 1.067981
6.813987 0.5269934 4.666004
0.3367695 0.6665686 -0.4259948
1 2.315802 1.067981
6.989738 0.360198 4.61242
0.1990474 0.7212261 -0.2457869
1 2.3158 1.067981
7.467 0.072 4.545
0 0.7676793 0
1 3.361092 1.067981
Eraser
16
0.8099999 0 2.27
-0.5807599 -0.4033831 -0.4033831
1 1 1
1.433986 0.07826025 1.387301
-0.004429264 0.2699141 -0.04516164
1 1 1
1.839833 0.09854828 1.243889
0.02306162 0.06908493 -0.1058585
0.9999999 1 0.9999999
0.8099999 0 2.73
-0.5807602 0.4033827 0.4033827
1 1 1
2.909146 -1.702458E-05 3.909845
-0.06032143 0.7039647 0.7045292
1 1 1
3.237499 0.08899783 4.438316
-0.0002234446 -0.0530416 -0.01002659
1 1 1
3.708669 0.08601395 4.486794
-0.0005823071 -0.03437097 -0.002108109
1 1 1
3.446 0.184 4.481
-0.7066369 -0.02577536 -0.02577536
1 1 1
2.894 0.184 4.441
-0.7066369 -0.02577536 -0.02577536
1 1 1
2.393 0.184 4.404
-0.7066369 -0.02577536 -0.02577536
1 1 1
9.190001 0 2.27
-0.5807599 0.4033831 0.4033831
1 1 1
8.473 0.06 1.55
-0.05443523 0.9570127 -0.01907759
1 1 1
8.095 0.09854828 1.390913
-0.1027933 0.9934202 -0.03422542
1 1 1
9.190001 0 2.73
-0.5807599 -0.4033831 -0.4033831
1 1 1
7.09 0 3.91
0.7045735 -0.05980241 -0.05980241
1 1 1
Duck
3
3.603 0 2.207
-0.2360395 0.6665474 0.6665474
1 1 1
6.397 0 2.793
-0.2360371 -0.6665482 -0.6665482
1 1 1
KeumWonBo
3
2.624 0.07649434 2.87
-0.7071068 0 0
1 1 1
7.376 0.07649434 2.13
-0.7071068 0 0
1 1 1
Pencil Case
10
4.072 -0.000970237 1.028
-0.5 -0.5 -0.5
1.000486 1.004105 1.003852
1.616737 -0.000970237 3.521922
-0.583192 0.390619 0.3985963
0.9999999 1 1
4.348 -0.000970237 3.972
-0.5 -0.5 -0.5
1.00049 1.00411 1.00385
4.348 -0.001000039 4.638
-0.5 -0.5 -0.5
1.00049 1.00411 1.00385
5.652 -0.000970237 1.028
-0.5 0.5 0.5
1 1 1
8.383263 -0.000970237 3.521922
-0.3862686 0.5867726 0.5914296
1 1 1
5.928 -0.000970237 3.972
-0.5 -0.5 -0.5
1.00049 1.00411 1.00385
5.969033 -0.0009974167 4.652959
-0.5010243 -0.4989321 -0.4987932
1.00049 1.004111 1.00385
8.056 -0.001999967 0.3510001
-0.7125559 -0.05772388 -0.06501926
1.000491 1.004111 1.003851
NailClipper
7
0.9299998 0.01816741 1.814
-0.6214176 0.3374021 0.3374021
1 1 1
1.28 0.067 0.926
0.8593456 1.501252E-07 0.5113952
0.9999999 1 0.9999999
0.9299998 0.01816741 3.173
-0.6214176 -0.3374021 -0.3374021
1 1 1
2.929 0.07152116 4.397
0 -0.04943603 0
1 1 1
9.07 0.022 1.827
-0.3131588 0.6172704 0.6457007
1 1 0.9999999
9.07 0.01816741 3.173
0.3374021 0.6214176 0.6214176
1 1 1
BlueHeadSet
2
1.6 0.2 2.5
0 -0.7071068 0
1 1 1
ShortPencil
5
3.038421 0.194 1.829613
-0.03961762 0.935656 -0.1724896
1 0.9999999 1
2.097 0.046 1.263
0 0.7890465 0
0.9999999 1 0.9999999
2.6 0.04 1.14
-0.0006705141 0.7629608 -0.0005448721
1 1 1
3.899137 0.184 3.27243
0.1797417 -0.1249008 0.02301409
1 0.9999999 1
LongPencil
4
3.945 0.05999999 3.255
3.72529E-09 -0.7911849 4.190952E-09
1 1 1
3.014932 0.06294228 1.869472
0.0822802 0.8866177 0.04205599
1 1 1
2.665 0.055 3.854
-0.05890873 -0.7629194 -0.07022697
1 0.9999999 1
PaperCup
8
4.31 0 2.7
-0.7071068 0 0
1 1 1
4.31 0.28 2.45
0.7071068 0 0
1 1 1
4.88 0 1.81
-0.7071068 0 0
1 1 1
4.88 0.28 3.19
0.7071068 0 0
1 1 1
4.606 0 1
-0.7071068 0 0
1 1 1
3.826 0 3.987
-0.7071068 0 0
1 1 1
4.876 0 4.645
-0.7071068 0 0
1 1 1
RedHeadSet
2
8.4 0.112 2.5
0.03476644 0.7062516 -0.03476644
1 1 1
PenCover
4
7.301964 0.075 3.440398
-0.5972404 0.2491637 0.2024623
1 1 1
6.126073 0.073 1.293442
-0.07307483 0.7743028 0.6219641
1.000001 1 1
7.357994 0.05216443 1.162846
0.5423692 -0.4607425 -0.4619012
1 1 1
Pen
5
7.02149 0.04999841 3.007193
-0.6526844 0.177602 0.273018
1 1 1
5.967304 0.04999841 1.783894
-0.03367111 0.6940407 0.7066838
0.9999999 1 0.9999999
7.869 0.061 1.254
0.7996011 -0.1023864 -0.003133497
1 1 1
7.335 0.055 3.854
-0.1792975 0.7073594 -0.6812756
1.000001 1 1
Dice
100
5.69 0.125 2.74
0 0.315856 0.9488072
1 1 1
5.69 0.125 2.74
0.670908 0.670908 -0.223344
1 1 1
5.64 0.004929483 2.829906
0 0.3158561 0.9488072
0.7868441 0.7868443 0.786844
5.64 0.04495299 2.799937
0 0.3158561 0.9488072
0.7868441 0.7868443 0.786844
5.64 0.08497648 2.769969
0 0.3158561 0.9488072
0.7868441 0.7868443 0.786844
5.69 0.004929483 2.829906
0 0.3158561 0.9488072
0.7868441 0.7868443 0.786844
5.69 0.04495298 2.799937
0 0.3158561 0.9488072
0.7868441 0.7868443 0.786844
5.69 0.08497647 2.769969
0 0.3158561 0.9488072
0.7868441 0.7868443 0.786844
5.74 0.004929483 2.829906
0 0.3158561 0.9488072
0.7868441 0.7868443 0.786844
5.74 0.04495297 2.799937
0 0.3158561 0.9488072
0.7868441 0.7868443 0.786844
5.74 0.08497646 2.769969
0 0.3158561 0.9488072
0.7868441 0.7868443 0.786844
5.69 0.095 2.5
0 0 0
1 1 1
5.69 0.095 2.5
0.7071068 -0.7071068 6.883939E-08
1 1 1
5.74 0.245 2.5
8.146034E-08 0 0
0.786844 0.786844 0.786844
5.74 0.195 2.5
8.146034E-08 0 0
0.786844 0.786844 0.786844
5.74 0.145 2.5
8.146034E-08 0 0
0.786844 0.786844 0.786844
5.69 0.245 2.5
8.146034E-08 0 0
0.786844 0.786844 0.786844
5.69 0.195 2.5
8.146034E-08 0 0
0.786844 0.786844 0.786844
5.69 0.145 2.5
8.146034E-08 0 0
0.786844 0.786844 0.786844
5.64 0.245 2.5
8.146034E-08 0 0
0.786844 0.786844 0.786844
5.64 0.195 2.5
8.146034E-08 0 0
0.786844 0.786844 0.786844
5.64 0.145 2.5
8.146034E-08 0 0
0.786844 0.786844 0.786844
5.12 0.095 3.19
0 0 0.7071068
1 1 1
5.12 0.095 3.19
1 0 0
1 1.000001 1.000001
4.97 0.145 3.19
5.760116E-08 5.760116E-08 0.7071068
0.7868442 0.7868442 0.786844
5.02 0.145 3.19
5.760116E-08 5.760116E-08 0.7071068
0.7868442 0.7868442 0.786844
5.07 0.145 3.19
5.760116E-08 5.760116E-08 0.7071068
0.7868442 0.7868442 0.786844
4.97 0.09499998 3.19
5.760116E-08 5.760116E-08 0.7071068
0.7868442 0.7868442 0.786844
5.02 0.09499998 3.19
5.760116E-08 5.760116E-08 0.7071068
0.7868442 0.7868442 0.786844
5.07 0.09499999 3.19
5.760116E-08 5.760116E-08 0.7071068
0.7868442 0.7868442 0.786844
4.97 0.04499997 3.19
5.760116E-08 5.760116E-08 0.7071068
0.7868442 0.7868442 0.786844
5.02 0.04499998 3.19
5.760116E-08 5.760116E-08 0.7071068
0.7868442 0.7868442 0.786844
5.07 0.04499998 3.19
5.760116E-08 5.760116E-08 0.7071068
0.7868442 0.7868442 0.786844
5.12 0.095 1.81
0.5 -0.5 -0.5
1 1 1
5.12 0.095 1.81
-6.422202E-08 -0.7071068 5.960464E-08
1 1 1
5.12 0.045 1.96
0.5000001 -0.5000001 -0.5
0.786844 0.786844 0.786844
5.12 0.045 1.91
0.5000001 -0.5000001 -0.5
0.786844 0.786844 0.786844
5.12 0.045 1.86
0.5000001 -0.5000001 -0.5
0.786844 0.786844 0.786844
5.12 0.095 1.96
0.5000001 -0.5000001 -0.5
0.786844 0.786844 0.786844
5.12 0.095 1.91
0.5000001 -0.5000001 -0.5
0.786844 0.786844 0.786844
5.12 0.095 1.86
0.5000001 -0.5000001 -0.5
0.786844 0.786844 0.786844
5.12 0.145 1.96
0.5000001 -0.5000001 -0.5
0.786844 0.786844 0.786844
5.12 0.145 1.91
0.5000001 -0.5000001 -0.5
0.786844 0.786844 0.786844
5.12 0.145 1.86
0.5000001 -0.5000001 -0.5
0.786844 0.786844 0.786844
8.128 0.095 4.282
0.4035012 -0.4035012 -0.5806779
1 1 1
8.128 0.095 4.282
2.025546E-09 -0.8212028 5.960464E-08
1.000001 1 1.000001
8.180312 0.04499997 4.422583
0.4035012 -0.4035012 -0.5806779
0.7868443 0.7868443 0.7868441
8.162875 0.04499997 4.375722
0.4035012 -0.4035012 -0.5806779
0.7868443 0.7868443 0.7868441
8.145437 0.04499998 4.328861
0.4035012 -0.4035012 -0.5806779
0.7868443 0.7868443 0.7868441
8.180312 0.09499998 4.422583
0.4035012 -0.4035012 -0.5806779
0.7868443 0.7868443 0.7868441
8.162875 0.09499998 4.375722
0.4035012 -0.4035012 -0.5806779
0.7868443 0.7868443 0.7868441
8.145437 0.09499999 4.328861
0.4035012 -0.4035012 -0.5806779
0.7868443 0.7868443 0.7868441
8.180312 0.145 4.422583
0.4035012 -0.4035012 -0.5806779
0.7868443 0.7868443 0.7868441
8.162875 0.145 4.375722
0.4035012 -0.4035012 -0.5806779
0.7868443 0.7868443 0.7868441
8.145437 0.145 4.328861
0.4035012 -0.4035012 -0.5806779
0.7868443 0.7868443 0.7868441
8.155 0.29 4.386
0.3306115 0 -0.943767
1 1 1
8.155 0.29 4.386
-0.667344 -0.667344 -0.2337776
1 1 1
8.115931 0.14 4.354798
0.3306115 -7.687957E-08 -0.943767
0.786844 0.786844 0.786844
8.115931 0.19 4.354798
0.3306115 -7.687957E-08 -0.943767
0.786844 0.786844 0.786844
8.115931 0.24 4.354798
0.3306115 -7.687957E-08 -0.943767
0.786844 0.786844 0.786844
8.155 0.14 4.386
0.3306115 -7.687957E-08 -0.943767
0.786844 0.786844 0.786844
8.155 0.19 4.386
0.3306115 -7.687957E-08 -0.943767
0.786844 0.786844 0.786844
8.155 0.24 4.386
0.3306115 -7.687957E-08 -0.943767
0.786844 0.786844 0.786844
8.194069 0.14 4.417202
0.3306115 -7.687957E-08 -0.943767
0.786844 0.786844 0.786844
8.194069 0.19 4.417202
0.3306115 -7.687957E-08 -0.943767
0.786844 0.786844 0.786844
8.194069 0.2399999 4.417202
0.3306115 -7.687957E-08 -0.943767
0.786844 0.786844 0.786844
6.174 0.095 1.013
0.6140455 -0.3487124 -0.3587842
1 1 1
6.174 0.095 1.013
-0.6853363 0.1779387 -0.1876188
1 1 1
6.069026 0.09375525 0.8947673
0.6140454 -0.3487124 -0.3587842
0.786844 0.786844 0.786844
6.112339 0.09433306 0.9197391
0.6140454 -0.3487124 -0.3587842
0.786844 0.786844 0.786844
6.155653 0.09491085 0.9447109
0.6140454 -0.3487124 -0.3587842
0.786844 0.786844 0.786844
6.044059 0.09326661 0.9380847
0.6140454 -0.3487124 -0.3587842
0.786844 0.786844 0.786844
6.087372 0.09384441 0.9630564
0.6140454 -0.3487124 -0.3587842
0.786844 0.786844 0.786844
6.130686 0.09442221 0.9880282
0.6140454 -0.3487124 -0.3587842
0.786844 0.786844 0.786844
6.019091 0.09277797 0.981402
0.6140454 -0.3487124 -0.3587842
0.786844 0.786844 0.786844
6.062405 0.09335577 1.006374
0.6140454 -0.3487124 -0.3587842
0.786844 0.786844 0.786844
6.105719 0.09393356 1.031346
0.6140454 -0.3487124 -0.3587842
0.786844 0.786844 0.786844
5.394 0.095 4
0.06794368 8.651594E-06 0.9976879
1 1 1
5.394 0.095 4
0.7065796 0.7043643 -0.04804963
1 1 1
5.343993 -0.05484292 4.006813
0.06794368 8.732866E-06 0.9976879
0.786844 0.786844 0.786844
5.34415 -0.004843175 4.006802
0.06794368 8.732866E-06 0.9976879
0.786844 0.786844 0.786844
5.344306 0.04515657 4.00679
0.06794368 8.732866E-06 0.9976879
0.786844 0.786844 0.786844
5.393531 -0.05499926 4.000034
0.06794368 8.732866E-06 0.9976879
0.786844 0.786844 0.786844
5.393688 -0.004999526 4.000023
0.06794368 8.732866E-06 0.9976879
0.786844 0.786844 0.786844
5.393844 0.04500022 4.000011
0.06794368 8.732866E-06 0.9976879
0.786844 0.786844 0.786844
5.443069 -0.05515561 3.993256
0.06794368 8.732866E-06 0.9976879
0.786844 0.786844 0.786844
5.443226 -0.005155884 3.993244
0.06794368 8.732866E-06 0.9976879
0.786844 0.786844 0.786844
5.443382 0.04484387 3.993233
0.06794368 8.732866E-06 0.9976879
0.786844 0.786844 0.786844
8.203 0.095 4.483
0.5706349 0 -0.8212039
1 1 1
8.203 0.095 4.483
-0.580679 -0.580679 -0.4034998
1.000001 1.000001 1.000001
8.185562 -0.05500004 4.436139
0.5706349 -6.689555E-08 -0.8212039
0.7868443 0.7868443 0.7868441
8.185562 -0.00500004 4.436139
0.5706349 -6.689555E-08 -0.8212039
0.7868443 0.7868443 0.7868441
8.185562 0.04499996 4.436139
0.5706349 -6.689555E-08 -0.8212039
0.7868443 0.7868443 0.7868441
8.203 -0.05500004 4.483
0.5706349 -6.689555E-08 -0.8212039
0.7868443 0.7868443 0.7868441
8.203 -0.005000047 4.483
0.5706349 -6.689555E-08 -0.8212039
0.7868443 0.7868443 0.7868441
8.203 0.04499996 4.483
0.5706349 -6.689555E-08 -0.8212039
0.7868443 0.7868443 0.7868441
8.220438 -0.05500004 4.52986
0.5706349 -6.689555E-08 -0.8212039
0.7868443 0.7868443 0.7868441
8.220438 -0.005000062 4.52986
0.5706349 -6.689555E-08 -0.8212039
0.7868443 0.7868443 0.7868441
8.220438 0.04499995 4.52986
0.5706349 -6.689555E-08 -0.8212039
0.7868443 0.7868443 0.7868441
1
8.220438 -0.05500004 4.52986
0.5706349 -6.689555E-08 -0.8212039
0.7868443 0.7868443 0.7868441
8.220438 -0.005000062 4.52986
0.5706349 -6.689555E-08 -0.8212039
0.7868443 0.7868443 0.7868441
8.220438 0.04499995 4.52986
0.5706349 -6.689555E-08 -0.8212039
0.7868443 0.7868443 0.7868441
6 4.436139

0.5706349 -6.689555E-08 -0.8212039

0.7868443 0.7868443 0.7868441

8.203 -0.05500004 4.483

0.5706349 -6.689555E-08 -0.8212039

0.7868443 0.7868443 0.7868441

8.203 -0.005000047 4.483

0.5706349 -6.689555E-08 -0.8212039

0.7868443 0.7868443 0.7868441

8.203 0.04499996 4.483

0.5706349 -6.689555E-08 -0.8212039

0.7868443 0.7868443 0.7868441

8.220438 -0.05500004 4.52986

0.5706349 -6.689555E-08 -0.8212039

0.7868443 0.7868443 0.7868441

8.220438 -0.005000062 4.52986

0.5706349 -6.689555E-08 -0.8212039

0.7868443 0.7868443 0.7868441

8.220438 0.04499995 4.52986

0.5706349 -6.689555E-08 -0.8212039

0.7868443 0.7868443 0.7868441

